11 0 693 1057 1318 1364 1635 2673 2804 2839 2995 3193 
7 1 1316 1977 1995 2065 2087 2099 
20 2 844 2646 2649 3848 3850 3903 3995 4064 4132 4279 4372 4376 4394 4765 4772 9702 9730 9940 9959 
29 3 491 759 839 868 1511 1531 1829 2034 2086 2189 2195 2460 2719 2824 2895 3000 3050 4531 4541 4543 4608 5530 5535 5539 5582 5619 5685 5991 
27 4 630 684 998 1013 1182 1239 1273 2186 2247 2382 3327 3439 3451 4497 4517 4605 4619 4653 4777 4801 4803 4805 4825 4958 5168 5480 
16 5 2882 2959 3006 3222 3354 3431 3449 3652 4306 4328 4422 4440 4498 4627 4838 
18 6 486 1333 1350 1500 3501 3530 8231 8307 8531 8850 8877 8935 9280 9303 9385 9648 9841 
43 7 682 1036 1191 1311 2618 3942 4043 4146 4246 4327 4331 4399 4470 4516 4527 4742 4780 4783 4797 4883 4994 5014 5165 5170 5206 6409 6467 6587 6660 6670 6717 6990 6998 7006 7103 7106 7233 7255 7275 7359 7491 7526 
38 8 1518 1597 2395 2500 2546 2550 2572 2798 2938 2952 2980 3029 3031 3318 3351 3455 3741 3931 4174 4278 4447 5098 5112 5130 5185 5209 5240 5339 5363 5615 5728 5738 6227 6228 6408 6417 6933 
33 9 1139 1361 1549 1650 1898 1994 2076 2676 2775 2809 2818 3087 3106 3359 3376 3599 3613 3659 3754 3799 3981 4029 4037 4140 4252 4268 4270 4993 5010 5085 5144 5245 
6 10 598 1900 2505 2564 2981 
5 11 557 611 920 1178 
18 12 617 699 902 951 1231 1241 1338 1467 1573 2145 2255 2409 4110 4229 4231 4274 4629 
10 13 652 1404 1482 1564 1642 1847 2621 4308 4420 
40 14 826 1053 1116 1558 1614 1641 2323 2341 2370 2456 2495 2790 2792 2850 2949 3022 3124 3197 3213 3410 3458 3622 3796 3879 3934 3964 5756 5799 5800 5971 6008 6368 6385 6421 6433 6449 6588 6597 6641 
35 15 3790 4050 4085 4463 4514 4580 5348 5351 5372 5387 5551 5594 5616 5670 5696 5700 5712 5717 5721 5891 5900 5915 5928 5981 6023 6080 6126 6132 6160 6184 6220 6257 6438 6496 
7 16 1276 1958 1980 2390 2421 2581 
8 17 658 660 944 2416 2425 2447 2481 
2 18 773 
40 19 938 972 1144 1169 1305 1461 1711 3323 3589 4210 4257 4466 4760 4804 4807 5012 5149 5180 5204 5367 5389 5409 5833 5986 6010 6064 6088 6265 6279 6310 6405 6529 6546 6554 6762 6804 6899 6907 6917 
4 20 1175 1528 1563 
29 21 813 1769 2003 2588 2624 2653 3707 3830 3902 3938 3946 3947 4542 4613 4689 4735 5009 5028 5034 5074 5101 5225 5303 5335 5354 5565 5623 5705 
9 22 436 483 1304 1430 6520 6553 6560 6610 
1 23 
4 24 1043 1068 1190 
18 25 707 712 780 1020 1076 1128 2875 2924 2927 2928 3898 3997 4311 4385 4451 4501 4557 
21 26 935 1325 1689 2685 2730 3110 3293 5040 5575 5630 6122 6229 6399 6513 6545 6643 6711 6898 6958 7109 
37 27 728 822 968 1197 1932 2428 2475 2779 2860 3795 3828 3961 4009 4059 4211 4655 4716 4846 4874 4875 5056 5129 5148 5828 5883 6012 6072 6113 6131 6146 6362 6372 6374 6532 6612 6629 
24 28 896 1248 1389 1424 1439 7314 7341 7378 7570 7577 7691 7695 7700 7713 7728 9045 9163 9229 9509 9574 9623 9664 9915 
28 29 1111 1343 1348 1373 1514 1649 1697 7436 7826 7914 7989 8059 8151 8179 8314 8647 8655 8733 8859 8938 9147 9447 9460 9494 9644 9750 9913 
26 30 427 496 834 1963 2165 2989 2998 3265 3352 3356 3563 3572 3618 3671 3704 4465 4691 4692 4710 4766 4785 4918 4925 5008 5067 
37 31 2007 2133 2383 2452 2565 2575 2631 2705 2808 2872 3163 3776 3835 3842 3888 3912 3930 3953 3979 4240 4732 4930 4962 4972 5382 5423 5470 5476 5488 5491 5537 5548 5549 6289 6361 8524 
3 32 441 499 
39 33 420 452 714 970 1198 1807 1890 1896 1916 1972 2190 2222 2690 2987 3365 3417 3426 3472 3917 3966 3992 4026 4243 4286 5347 5393 5433 5477 5483 5560 5570 5621 5636 5656 5702 5714 5793 7620 
23 34 527 767 1085 1469 1899 3779 4272 4309 4314 4322 4370 4445 4511 4549 4585 4630 4657 4748 4758 4789 4802 4941 
2 35 641 
20 36 473 1099 1400 1525 1541 1580 1600 1742 1885 1945 2439 2692 3673 3724 3740 5475 5504 5557 5593 
6 37 758 783 1470 1472 1778 
21 38 1357 2043 2069 2104 2408 2543 2650 2701 2773 2806 2816 2831 2889 3441 3462 3597 3887 3993 4018 4084 
35 39 776 1126 1129 1158 1503 1733 2010 2032 2324 2443 2756 2783 2978 2992 3083 3117 3135 3227 5156 5167 5176 5264 5280 5499 5517 5730 5819 5892 5907 5933 5965 5966 5980 8924 
3 40 514 1676 
12 41 1253 1715 2535 2615 9099 9240 9484 9708 9711 9872 9893 
19 42 3911 3951 4126 4130 4188 4410 4544 4552 4601 4676 4831 5045 5135 5142 5228 5249 5251 5254 
27 43 900 2029 2427 2487 3534 3700 3792 3819 3821 4060 4105 4367 4401 4450 4811 4813 4854 4865 4989 4992 5178 5505 5522 5527 5540 5562 
8 44 804 861 934 959 1172 1180 1880 
8 45 1254 2054 2125 2184 2216 2322 2418 
40 46 469 481 545 1042 1106 1247 1265 1385 1659 1678 1710 1767 1832 2130 4239 4266 4285 4371 4436 4723 4737 4744 6431 6663 6673 6694 6730 6748 6859 7277 7354 7365 7564 7765 7778 7817 7915 8074 8981 
35 47 1004 1221 2355 2595 2708 3287 3393 3405 3480 3558 3843 3844 3865 4343 4357 4416 5155 6101 6134 6197 6214 6320 6480 6539 6561 6681 6682 6706 6726 7667 7699 7907 8689 8746 
21 49 419 733 1262 2214 2862 2873 2899 2950 3312 4147 4161 4444 4446 4459 4642 4974 5108 5116 5502 5578 
14 50 897 1398 1838 1955 2052 2141 2234 2466 2470 2502 2698 2704 2717 
16 51 819 853 982 1147 1204 1369 1418 1823 1946 1951 2105 2116 2179 2282 2412 
29 52 443 961 1674 2001 2599 4536 4553 4607 4659 4671 4867 4982 5102 5260 5287 5314 5445 5529 5552 5592 5722 5743 5786 5795 5805 5834 5867 5903 
18 53 752 760 1314 1577 1702 2143 2281 2294 2361 2733 2865 3134 3261 3370 3413 3507 4303 
33 54 510 942 1026 1323 1787 1842 2491 3349 3399 3606 3661 3814 3994 4056 4185 4261 4439 4525 4569 5528 5596 5620 5633 5646 5954 6035 6099 6148 6235 6264 6297 6474 
40 55 668 765 781 851 1164 1508 1610 1802 1937 2454 2468 2545 2657 2681 2793 3215 3217 3290 4391 4507 5417 5440 5643 5659 5681 5698 5755 6269 6299 6337 6342 6524 6552 6613 6677 7186 7195 7241 7294 
40 56 690 850 976 2182 2849 2876 2972 3052 3074 3136 3929 4021 4063 4258 4263 4647 4683 6188 6216 6237 6360 6390 6400 6428 6432 6482 6488 6671 6723 6963 7002 7053 7094 7258 7308 7504 7557 7751 8710 
5 57 566 837 1030 1339 
18 58 1387 1394 1705 1925 2436 2473 2911 3049 3140 3162 3194 3655 3667 4560 4908 5096 5226 
36 59 1714 2064 2108 2203 2321 2369 2442 2665 3112 3284 3289 3885 4375 4482 5661 5708 5718 5751 5917 5977 5987 6021 6034 6061 6107 6141 6275 6315 6333 6514 6614 6679 6961 7168 7792 
2 60 437 
13 61 716 1203 2071 2152 2266 2327 2504 2942 2956 3415 3745 4082 
5 62 440 894 1107 1545 
25 63 827 1222 1232 1317 1657 1704 1762 2962 3042 3184 3296 7926 7928 8177 8504 8513 8566 8623 8639 8926 8952 8959 9307 9483 
14 64 435 1594 1643 1672 1837 2516 2558 2647 2761 2802 2807 2877 3161 
20 65 945 1124 1148 1354 1367 1421 1623 1761 1939 3366 3957 4032 4135 4152 4265 4296 4297 4302 4317 
13 66 1029 1497 2172 5674 5678 5689 5797 5870 5942 5996 6002 6018 
9 67 543 608 735 855 878 914 1078 1143 
2 68 563 
7 69 2060 2115 2161 2508 3169 3729 
7 70 500 821 1005 2298 2348 2359 
27 71 470 472 635 725 755 967 3722 3735 3775 3777 3798 5094 5128 5139 5181 5481 5541 5550 5603 5611 5642 5652 5827 5925 5955 5968 
35 72 1332 1464 1708 1758 1852 2101 2757 2878 3007 3070 3116 3468 3482 3511 3590 3710 3764 3840 3869 3901 3956 4015 4052 4180 4686 7610 8054 8217 8244 8297 8308 8762 8810 8821 
30 73 2819 3058 3105 3128 3373 3420 3574 3621 4033 4036 4080 4214 4324 4884 4938 6296 6416 6472 6518 6581 6585 6640 6817 6947 7117 7158 7172 7226 7444 
12 74 450 811 836 3269 5531 5534 5617 5650 5690 5908 5919 
10 75 559 1048 1184 1559 1621 1749 1831 2026 3225 
6 76 409 605 732 1312 1562 
35 77 478 1173 1296 1359 1471 1929 2227 2253 2271 2411 4154 4238 4438 4942 4969 4997 5001 5006 5131 5153 5195 5376 6548 6985 7018 7118 7156 7173 7231 7286 7343 7443 7467 7651 
20 78 1038 1193 1230 1397 1542 1663 1698 1804 2274 3109 3115 3152 3245 3508 3559 3594 4773 4817 4868 
18 79 1086 1127 1134 1201 1775 2228 2429 2659 2694 2711 2728 3089 3971 4067 4546 4550 4559 
22 80 448 1240 1816 1904 2173 2183 2249 2684 4380 4648 4727 8160 8652 8716 8803 8819 8888 9062 9202 9343 9456 
14 81 564 599 610 803 1298 2451 2463 3488 4012 4058 4337 4407 4417 
35 82 3738 3782 3866 3924 4230 4350 4381 7882 7934 8022 8026 8036 8131 8133 8393 8404 8570 8913 8919 8925 9125 9175 9238 9302 9480 9488 9499 9514 9526 9605 9631 9666 9753 9965 
15 83 906 1391 1490 1652 1954 2023 2200 2293 2312 2509 6495 6728 6731 7119 
3 84 1025 1114 
14 85 1909 2363 2723 2742 3773 3784 3919 3976 4340 4415 4494 4509 4520 
18 86 485 918 1530 1592 1716 1801 2120 2193 2316 2490 2627 2654 2682 2727 2745 2747 3207 
33 87 595 1233 1294 1419 1429 1723 1777 1824 1950 2093 2245 2273 2434 3189 3279 3442 3490 3510 3794 3797 3962 4076 4151 5346 5437 5875 5884 5921 5930 6048 6050 6076 
6 88 785 1815 1822 2117 2297 
1 89 
20 90 1763 1933 2544 2587 2735 3342 3368 3408 3475 3549 3874 3937 3963 3983 4030 4218 4220 4429 4483 
19 91 404 989 1632 1709 5377 5448 5464 5487 5489 6049 6087 6135 6142 6212 6236 6239 6516 6591 
24 92 418 459 798 1411 1754 1790 2836 2885 2894 3503 3518 3643 3734 3884 3886 3909 3914 3918 3950 4019 4049 4318 5071 
16 93 964 1138 1320 1426 3737 3793 3800 3811 3815 3846 3910 4137 4395 4464 4471 
8 94 1104 1639 1735 1759 1846 2570 2573 
36 95 769 910 1324 1913 2244 2336 2403 2488 2642 2754 3286 3297 3864 4844 4881 4953 4959 4964 4975 5086 5187 5208 5243 5252 5288 5291 5318 5326 5394 5446 5496 5635 5830 5984 9685 
29 96 2142 2146 2187 2246 2261 2280 2611 3023 3032 3182 3264 4291 4332 4333 4745 5138 5160 5300 5425 5484 5543 5545 5638 5664 5691 5716 5775 5780 
3 97 895 923 
6 98 1261 1425 2817 3274 3321 
4 99 540 681 807 
36 100 1075 1077 1163 2589 2605 2670 2916 2991 2997 3040 3068 3120 3273 3397 3940 4383 4392 4418 4573 5134 5186 5207 5215 5546 5590 5680 5695 5759 5846 5876 5938 6022 6041 6043 6164 
9 101 1352 1384 5844 5855 5873 5912 5964 5969 
18 102 430 1278 1505 1914 2399 2457 2563 2566 2797 2841 2843 3663 3719 3742 3837 3916 3936 
19 103 986 1006 1096 1225 1854 5062 5133 5235 5274 5279 5358 5364 5399 5411 5419 5439 5538 5553 
10 104 504 883 1452 1651 2583 2785 2828 2846 2851 
11 105 867 1073 1130 2687 2922 3256 3772 3882 3913 4006 
23 106 1613 1622 1990 2314 2368 2426 3048 3081 3504 3548 3766 3847 3952 4197 4241 4379 4398 4402 4768 4826 4828 4829 
17 107 531 743 957 1157 1435 1853 1905 2123 2257 2267 2353 2406 3285 3355 3432 3647 
39 108 638 1446 3832 3863 3891 4378 4397 4567 4577 4594 4798 4816 4849 4895 4929 5090 5244 5465 6470 6505 6510 6814 6842 6846 7413 7962 8013 8265 8388 8739 8771 8818 8848 8865 8903 8948 9333 9357 
25 109 1307 1417 1774 2139 2170 2610 2706 2782 2858 2898 2975 3082 3159 3326 3384 3392 3447 3630 3641 3669 3752 3807 4020 4100 
31 110 532 864 1473 1646 1713 2330 2471 3046 3379 3446 3484 4066 4944 4961 4980 4988 5007 5061 5065 5066 5159 5201 6139 6157 6669 6695 6722 6735 9503 9567 
12 111 423 426 921 1277 1279 1347 5885 6170 6330 6351 6377 
15 112 1556 1645 1756 1987 2398 2606 2661 2746 2829 2976 3011 3390 3438 3890 
5 113 621 1165 2079 2191 
16 114 424 493 672 697 917 1052 1443 1766 2364 2970 3055 3889 3932 4016 4070 
36 115 664 3282 3314 3414 3437 3463 3544 3694 3767 3905 3921 3960 3977 3999 4096 4104 4131 4164 4209 4290 4728 5295 5321 5353 5356 5388 5434 5443 5462 5495 6172 6174 6203 6213 6308 
8 116 1779 2601 2861 2864 2979 3020 4948 
4 117 1054 3294 3298 
2 118 719 
16 119 534 678 823 1014 1145 1971 2024 2226 2279 2478 3091 3268 3299 3339 3861 
33 120 657 1780 2037 2048 2248 2497 2518 2548 2640 2771 2781 3493 3695 3802 3855 3900 4149 4178 4584 5825 5901 5950 5953 6001 6020 6069 6075 6108 6119 6169 6217 6609 
6 121 1133 1137 1141 1568 1695 
11 122 814 815 977 1835 1875 1926 2164 2420 2521 2541 
28 123 574 702 916 1224 1489 1544 2702 2715 3146 3156 3212 3331 3347 3806 3810 4046 4107 4491 4513 4568 4684 4752 4915 4973 6006 6074 6190 
36 124 2109 2307 2371 2396 2423 2458 2713 2729 3187 3330 3701 3717 3743 3746 3820 3982 4047 4294 4353 4362 4365 4530 5250 5265 5359 5576 5622 5658 5782 5857 5929 6096 6551 6579 6599 
38 125 729 1097 2020 2078 2220 2275 2317 3727 3823 3826 3935 3943 4117 4172 4205 4493 4551 4566 4670 4674 4701 5852 5854 5893 5913 6387 6511 7071 7099 7127 7553 7567 7592 7628 8527 8556 9005 
37 126 1024 1095 1142 1331 1358 1554 1629 1797 1851 2202 2360 3922 3933 3944 3958 3969 4598 4650 4945 4956 4967 5019 5046 5189 5340 5341 5749 5810 5861 5995 6104 6106 6125 6557 6558 7321 
20 127 453 512 533 1388 1496 1551 1731 1876 2014 2837 2890 2958 4193 4441 4443 4480 4518 4524 4528 
9 128 705 828 1365 1732 1866 2094 2652 2669 
5 129 468 636 654 2939 
43 130 445 516 1010 1334 1440 1479 1485 1510 1681 1792 1903 2309 2391 3497 3523 4189 4217 4713 4952 4955 4977 4986 5179 5851 6055 6079 6105 6165 6173 6176 6185 6198 6303 6309 6329 6458 6461 6632 6642 6689 6943 7332 
5 131 403 444 717 1555 
22 132 407 980 1115 1213 1593 1636 1827 2181 2262 2342 2344 2345 2533 2678 2744 3252 4476 4502 4582 4602 4830 
41 133 1572 2623 2639 3017 3027 3038 3160 3461 3471 3585 3588 3955 4077 4245 4473 4503 4637 4699 4726 5336 5412 6594 6957 7183 7207 7269 7352 7356 7396 7417 7456 7521 7544 7562 7623 7652 7704 7739 7750 8789 
2 134 1821 
16 135 674 882 929 954 1264 1665 1813 1836 1870 1871 1878 1882 2242 2289 2448 
22 136 965 1058 1196 1567 1583 1850 1887 2072 2124 2205 2211 2264 2333 2519 3311 3322 3571 4001 4133 4191 4301 
31 137 1119 2128 2206 3065 3404 3627 3632 4054 4102 4153 4382 4889 4893 4912 4970 5013 5049 5190 5259 5268 5327 5366 5614 5769 5936 5960 6133 6175 6200 6834 
4 138 562 590 1319 
4 139 912 1174 1284 
3 140 408 7376 
29 141 416 1234 1268 1458 1718 1859 1860 1986 2022 2367 3041 3078 3229 3303 3348 3445 3496 3517 3533 3580 5934 5935 5958 6140 6183 6285 6327 6740 
3 142 428 476 
3 143 649 1208 
39 144 467 1465 1943 2219 2278 2301 2635 2645 2656 2957 3665 3690 3699 4387 4472 4477 5083 5089 5099 5146 5258 5262 5275 5283 5286 5524 5525 5542 5608 5624 5669 5711 8332 8360 8429 8438 8691 9133 
12 145 1309 1457 1466 1493 1566 2051 2121 2768 2778 2823 2944 
12 146 1861 3774 4222 4248 4259 4288 4289 4299 4624 4687 4836 
14 147 600 2759 3682 3791 4336 4434 4452 4478 4490 4626 5246 5261 5281 
23 148 451 1062 1444 1455 1685 2326 2526 2531 2568 2576 4232 4293 4295 4617 4712 5334 6059 6082 6089 6662 6736 7684 
16 149 602 893 971 1131 1327 1355 1414 1726 1864 1983 2126 2675 2679 2691 2709 
13 150 1176 1295 1308 2496 2834 3759 4169 4634 4643 4652 4747 4796 
34 151 449 1552 1811 1924 2114 2401 2765 3131 3280 3965 3986 5223 5233 5266 5267 5269 5285 5403 5422 5429 5474 5482 5503 5520 5618 5734 5961 6062 6116 6506 6565 6616 6743 
37 152 466 637 2137 2154 2710 2787 2820 2830 2832 3012 3094 3097 3537 3723 3768 3817 3990 4675 4693 4697 4729 4731 4896 4910 4995 5122 5293 5294 5309 5330 5518 5597 5668 5748 5804 5874 
36 153 585 613 2767 4004 4051 4474 4479 4508 5032 5114 5219 5237 5342 5380 5426 5701 5737 5779 5820 5940 6205 6381 6479 6543 6650 6937 6987 6992 7545 7666 7697 7793 7812 7846 9115 
14 154 515 580 777 812 1660 1741 2131 2303 2435 2777 5272 5312 5478 
16 155 601 708 741 1598 1812 1976 2272 2332 2337 2374 2585 2655 2683 3051 3705 
33 156 412 1149 1209 1571 1596 1752 2479 2590 2859 2883 3072 3076 3778 3803 3825 4013 4024 4113 4119 5230 5404 6189 7113 7149 7257 7322 7353 7367 7535 7590 8584 9088 
6 157 567 1979 2066 2231 2951 
3 158 700 1002 
18 159 503 526 1499 1747 1768 1991 2310 2331 2571 2609 3984 4190 4213 4251 4262 4315 4325 
34 160 988 999 1091 1627 1680 1917 2085 2135 2157 2854 2914 3477 3555 3562 3600 3718 3748 4097 4108 4134 4163 4167 4179 4219 4223 4349 4412 4554 4579 4596 4597 4612 4644 
16 161 656 879 1040 1908 2063 2291 2567 2594 2794 2814 3224 3235 3333 3336 3362 
33 162 966 1581 1819 2019 2402 2693 3126 3127 3243 3247 3337 3421 3429 3520 3526 3715 3720 4114 4159 4202 4235 6063 6065 6274 6284 6302 6319 8048 8086 8175 8178 8223 
14 163 1236 1335 1509 1512 1687 1691 1748 2122 2174 2224 2277 2561 2718 
2 164 666 
36 165 612 2118 2136 2760 2766 2847 2867 3009 3047 3450 3529 3755 3883 3892 4073 4124 4166 4168 4611 4954 4957 5077 5095 5120 5188 5231 5232 5581 5591 5651 5672 5692 5710 5772 5781 
4 166 429 1019 1037 
11 167 632 801 817 1187 1516 1557 1791 1814 2180 2212 
6 168 792 1160 1258 1281 1381 
32 169 1772 1795 3204 3249 3521 3532 3658 3664 3666 3675 3801 5763 5803 5822 5849 5865 6073 6095 6127 6154 6178 6393 6436 6459 6886 6888 7068 7279 7315 7469 7621 
43 170 2319 2910 3005 3035 3151 3316 3554 3556 3612 3619 3653 3991 4118 4358 4388 4393 4430 4764 4862 4940 5150 5175 5241 5256 5289 5328 5329 5337 5360 5368 5436 5438 5605 5639 5647 5703 5762 5774 5895 6019 6112 6398 
3 171 744 943 
9 172 1132 1371 1395 1504 1927 2155 2449 2528 
20 173 455 586 1218 1228 1242 1410 1448 1475 1476 1574 1700 1764 1942 2046 2185 2236 3257 3515 3539 
1 174 
5 175 646 1447 1888 1893 
18 176 464 1519 2602 2625 2672 2712 2772 2780 2891 3085 3095 3104 3301 3435 3452 3670 4467 
19 177 2375 2380 2748 3045 3075 3133 3195 3210 3248 3369 3476 3495 3528 3542 3565 3620 3629 3739 
11 178 471 1721 2070 3206 3878 4038 4111 4455 4488 4588 
44 179 824 1181 1227 1271 2073 2089 2102 2740 3062 3726 3744 3859 3972 4008 4389 4448 4461 4656 4690 4827 4837 4839 4870 4919 4939 5239 5637 5910 5948 5990 6007 6100 6123 6130 6242 6246 6273 6331 6389 6863 7133 7160 7611 
1 180 
42 181 593 1370 1960 2555 2603 2667 2699 2707 2784 2786 2803 3223 3255 4170 4320 5141 5152 5203 5273 5370 5378 5379 5395 5408 5414 5640 5746 5757 5784 5785 5801 6051 6111 6182 6191 6192 6224 6620 6638 6703 7552 
30 182 410 511 784 1587 1868 1934 2366 3679 3841 3987 4200 4271 4304 4347 4600 4649 4706 4866 4909 4933 5192 5199 5238 5644 5657 5790 5890 5905 6583 
17 183 462 899 949 1185 1576 1625 1682 8606 8633 8645 8834 9439 9560 9618 9781 9941 
25 184 501 677 841 1609 1892 2175 2192 2338 2612 2700 2770 3157 3453 3509 4087 4121 4390 9764 9805 9876 9900 9902 9930 9964 
12 185 592 1431 1481 2009 2011 2151 2584 2776 2813 2842 3147 
7 186 480 505 633 711 1003 1016 
3 187 956 1023 
3 188 730 978 
30 189 5679 5813 5837 5878 5949 6115 6118 6268 6278 6286 6437 6450 6464 6540 6582 6590 6604 6955 6976 7023 7064 7066 7076 7121 7145 7155 7185 7208 7383 
38 190 561 1666 2492 2696 3789 3925 3927 4160 5075 5421 5435 5526 5558 5585 5602 5606 5697 5707 5898 6230 6232 6298 6536 6570 6661 7327 7459 7460 7618 7916 7943 7959 7977 8008 8015 8031 8299 
8 191 413 1090 1459 1722 1782 2240 2384 
30 192 551 572 1243 1252 1360 1658 1683 1806 1970 6363 6373 6392 6407 6890 6930 7039 7166 7210 7212 7357 7369 7393 7488 7531 7539 7543 7588 7771 8000 
22 193 1386 1696 1707 5317 6152 6272 6277 6292 6338 6344 6370 6593 6900 7125 7126 7222 7244 7289 7323 7326 7362 
10 194 498 9624 9630 9681 9706 9709 9833 9885 9983 
38 195 753 869 926 1113 2156 2230 2410 3591 3598 3684 4247 4253 4281 4496 4575 4654 4885 4888 4935 5158 5217 5229 5583 5586 5645 5663 5794 6253 6332 6356 6442 6492 6493 6498 6500 6512 6601 
8 196 626 695 1122 1285 1586 3158 4011 
41 197 975 1967 1988 2017 2352 2379 2985 3103 3240 3309 3328 3378 3386 3400 3584 3593 4673 4926 4931 5161 5163 5169 5257 5278 5398 6013 6024 6066 6102 6114 6462 6469 6490 6497 6503 6549 6685 6713 6844 6861 
33 198 794 973 995 2074 2132 2433 2527 2586 3313 3329 3443 3502 3525 3575 3587 4269 4280 4449 4505 4563 4886 4891 4928 4932 4985 5020 5023 5033 5079 5154 5607 6358 
14 199 402 609 748 1200 1438 1453 2325 2574 3334 3625 3648 3683 3696 
3 200 941 1194 
41 201 509 614 1462 1884 2517 2525 2940 3130 3241 3375 4330 4341 4481 4487 4504 4526 4533 4590 4714 4833 4856 4880 5121 5172 5247 5277 5574 5577 5589 6630 6935 7083 7115 7116 7138 7219 7230 7282 7457 7508 
12 202 506 946 1089 1205 1315 1548 1603 2107 2529 2553 2582 
35 204 858 1051 1123 1668 1717 2127 2287 2365 2385 2437 2520 2562 2600 2932 2994 3615 3657 4068 4184 4234 4539 4595 4615 4621 4681 4688 4741 4749 4751 5021 5027 5031 5076 5137 
9 205 955 1226 1351 1362 1468 1570 2021 2053 
39 206 513 623 1050 1366 1403 1405 1730 1839 2134 2207 2892 2907 4273 4432 4668 4858 4900 5157 6359 6402 6412 6429 6633 6720 6737 6897 6924 6956 6979 7033 7035 7292 7375 7404 7435 7478 7806 9320 
21 207 651 1274 1379 2579 2598 2614 2664 2815 3149 3170 3543 6155 6181 8452 8525 8613 8673 8738 8801 8994 
12 208 535 985 1724 1877 1975 2030 2091 2469 2554 2569 2660 
43 209 1794 1840 1952 2047 2503 2613 2703 3154 3164 3434 3758 3780 3899 3973 3988 4250 4338 4342 4635 4664 4806 4809 4850 4890 4902 4903 4916 4922 4943 5106 5115 5119 5143 5242 5276 5297 5724 5740 6094 6128 6187 6380 
10 210 542 616 810 849 1255 2305 3514 3524 3614 
1 211 
16 212 577 1034 2844 2900 3332 3398 3457 3541 3564 3577 3660 4083 4156 4199 4352 
33 213 704 1166 1245 1601 3211 3557 3833 3881 4034 4042 4666 4834 4904 4913 4934 4936 5821 6413 6430 6904 7040 7054 7067 7084 7114 7163 7236 7371 7428 7447 7448 8362 
16 214 688 881 947 960 1011 1540 1602 2038 2058 2917 3064 3377 3481 3816 3824 
4 215 434 520 766 
5 216 685 948 2343 2445 
16 217 1235 2387 3016 3096 3121 3226 3250 3253 3260 3283 3324 7329 7377 7419 7575 
1 218 
9 219 530 706 746 1151 1547 1965 2734 2736 
37 220 1534 1849 2769 2822 2933 2984 3019 3681 3732 3876 4106 4139 4421 4424 4587 4609 4715 4840 4853 4876 5093 5107 5392 5514 5572 5599 6011 6052 6053 6147 6194 6262 6276 6307 6357 6386 
21 221 588 607 723 1539 1834 1957 2237 4984 5193 5350 5362 5694 5725 5741 5816 5888 5920 5943 6037 6143 
3 222 796 835 
8 223 750 2913 2920 2934 2936 3059 3689 
6 224 1483 1828 1848 2477 2591 
4 225 484 1103 1105 
5 226 537 724 779 789 
11 227 703 889 1251 1765 2198 2335 2514 2540 2628 2758 
25 228 1675 1679 1699 1940 2041 2100 2119 2386 2392 2407 2455 2459 2474 3015 3137 3141 3307 3340 3343 3388 3430 3474 3920 4005 
13 229 1093 1591 2302 3001 3114 3325 3553 3569 3601 3605 3642 3654 
33 230 502 846 890 1120 1207 1219 1238 3970 4040 4678 4739 4771 4861 4899 4920 4927 4947 5051 5055 5117 5197 5198 5211 5563 5739 5783 5798 5814 5823 5835 5911 5914 
7 231 673 1102 1326 1423 1944 1973 
7 232 642 1045 1094 1188 1773 1922 
1 233 
11 234 570 689 838 862 1283 1345 1372 1617 1800 2269 
41 235 761 845 1393 1488 1640 1655 1661 1993 1996 2988 3363 4433 4658 4662 4708 4725 4756 4767 4963 5035 5315 5357 5490 6724 6739 6769 6795 6803 6823 6828 6829 6849 6862 6873 6905 6938 6962 7073 7402 8637 
41 236 676 757 1059 1168 1177 1186 1290 1677 1918 2049 3364 3371 3427 3473 3531 3538 3547 3566 4403 4425 4574 4620 4667 4695 4841 4999 5029 5030 5081 5316 5463 5554 5566 5568 5584 5671 5976 6017 6162 6171 
6 237 818 2028 2168 2188 2346 
5 238 538 628 901 1376 
41 239 1220 1569 2663 3185 3387 3839 3897 4095 4098 4808 4845 4855 4914 5005 6206 6324 6345 6347 6369 6379 6395 6523 6542 6572 6589 6602 6615 6746 6968 7781 7823 7836 7910 7912 8164 8296 8325 8346 8387 8417 
1 240 
39 241 1081 1110 1167 1256 1487 2868 2880 3034 3099 3125 3763 3813 3949 4148 4720 4770 4820 5420 5459 5468 5485 5500 5571 5704 5753 5770 5778 5897 6057 6068 6138 6202 6231 6240 6243 6476 6528 6827 
14 242 860 1083 1634 1863 1999 2013 2149 2159 2404 3237 3308 3464 3560 
10 243 1744 1796 2915 3056 3118 3129 3535 3610 3827 
11 244 1408 1578 1589 1673 1776 2480 2483 2484 2513 3638 
14 245 489 1210 1250 1337 1502 1727 2006 2144 2417 2515 2532 2580 3088 
21 246 739 754 903 974 1152 1170 1306 1402 1437 1633 2284 2347 3084 3108 3278 3685 3691 3713 3716 3870 
14 247 425 762 854 1263 1451 1474 1484 1513 2556 2604 2658 2666 4523 
10 248 439 475 596 670 829 877 1017 1069 1192 
14 249 1737 1830 2092 2617 2619 3809 4298 4360 4698 4778 4787 4791 4793 
7 250 517 742 891 990 997 1027 
5 251 604 747 888 1018 
23 252 648 745 1028 1092 1223 1515 1604 2018 2243 2616 2636 2941 2982 3030 3428 3433 4144 4192 4355 4356 4363 4469 
2 253 908 
18 254 548 619 1237 1740 1781 1841 2002 2075 4090 4155 4313 4346 4951 4991 5151 5182 5332 
6 255 1533 1565 2056 2762 2866 
28 256 1055 1703 2381 2446 2482 2489 3304 3494 3636 3672 3804 3834 3923 3926 4061 4249 4283 4409 4414 4454 4456 4457 4535 4538 4548 4700 4717 
1 257 
28 258 454 4074 4136 4323 4614 4641 4990 5002 5092 5894 5899 6530 6688 6690 6693 6698 6727 6892 6901 6980 7238 7246 7320 7366 7743 7758 7760 
39 259 597 629 720 778 1671 1968 2082 2111 2196 2597 2638 2886 2964 3113 3519 3635 3639 3783 3845 4129 4143 4182 4468 4639 4707 4718 4719 4750 4776 4799 5015 5022 5026 5290 5673 5787 5818 5841 
14 260 1079 1631 2178 2547 2695 2763 2774 3139 3216 4208 4276 4300 4321 
15 261 639 709 887 907 1805 2055 2394 2725 2737 2801 2805 2947 3061 3751 
3 262 573 2308 
12 263 523 622 1706 1907 2592 2608 2689 3338 3396 3674 3760 
39 264 508 816 1031 1460 1486 1584 1948 2233 2241 2909 2943 2945 2955 3234 3300 3315 3829 4312 4319 4334 4344 4400 4437 4529 4603 4623 4651 4677 4924 4966 4979 5039 5060 5082 5124 5384 5385 5868 
17 265 587 645 771 870 1725 1912 2067 2129 2153 2537 3039 3191 3258 3270 3317 3341 
6 266 447 1808 3119 3259 3288 
37 267 1060 1353 1396 1526 1618 2400 2953 2963 3069 3092 3102 3107 3171 3218 3238 3263 3945 4010 4057 4142 4206 4254 4260 4423 4672 4722 4775 4863 6287 6535 6596 6635 7050 7132 7489 7639 
28 268 788 1212 1297 1478 2651 2800 3395 3401 3419 3540 3749 3980 4053 4081 4093 4165 4186 4198 4704 4782 4786 5103 5205 5216 5227 5292 5344 
15 269 465 477 805 3143 3178 3516 4244 4307 4537 4702 4724 4730 4733 4736 
18 270 431 442 488 620 2919 3306 3350 3380 3382 3416 3546 3616 3747 3857 3872 4007 4138 
23 271 953 963 1301 1644 1923 1978 1989 2080 2150 2201 2213 2674 2738 2871 2874 2921 3066 3098 3345 3346 3357 3358 
4 272 490 495 2288 
3 273 909 1246 
4 274 806 1712 2177 
42 275 994 996 1056 1608 2163 2197 2557 2629 2739 2749 2821 2905 3018 3067 3142 3150 3406 3551 3753 3761 3786 4384 4489 4788 4824 5053 5123 5191 5200 5253 5270 5304 5308 5386 5405 5471 5473 5494 5747 6163 8479 
16 276 1039 1084 1109 1154 1543 1550 2044 2632 2643 2753 2870 3014 3168 3267 3272 
11 277 1647 1693 1757 1928 1930 2088 2194 4857 4872 4887 
25 278 718 1033 1521 1585 1638 1739 1947 2008 2752 2835 2930 3192 3277 3567 3730 3849 3851 4014 4099 4486 4519 4521 4555 4818 
14 279 463 831 1300 1595 1694 1961 1966 2077 2838 2925 2996 3004 3230 
41 280 809 886 1288 2791 2811 3478 3687 3906 5004 5011 5047 5063 5104 5118 5136 5196 5397 5400 6137 6260 6352 7199 7245 7288 7309 7605 7712 7917 8112 8155 8212 8298 9082 9148 9181 9183 9219 9419 9492 9687 
7 281 1833 1845 2559 3145 5284 5296 
5 282 433 715 727 768 
32 283 696 756 1282 1349 1858 3611 3646 3668 3677 3756 3838 3875 4116 4120 4162 4177 5084 5218 5220 5221 5248 5298 5361 5374 5416 5418 5561 5829 5832 5842 5889 
36 284 631 1156 1342 1378 1532 1719 2027 2096 2405 2464 2506 2512 2903 2923 2993 3013 3275 3374 3750 3781 3915 4003 4183 4203 4583 4606 5184 5202 5222 5941 5947 5970 6120 6145 6328 
8 285 494 640 800 808 1088 1155 1216 
5 286 1112 1535 1579 1844 
19 287 764 1422 1701 2036 2869 3201 4158 4207 4267 4316 4396 4431 4442 4453 4460 5044 5073 5091 
5 288 565 775 830 1061 
1 289 
8 290 1082 1491 1537 1615 2415 2450 2486 
9 291 1183 1199 1214 2147 2668 2680 2969 3381 
12 292 991 1087 1454 1897 1920 2199 2208 2296 2315 2926 3202 
29 293 479 713 1162 1321 2166 2299 2354 2476 2499 3389 3409 3651 3805 4823 4832 5070 8070 8115 8206 8228 8501 8576 8656 8769 8896 9003 9059 9270 
3 294 1071 1998 
3 295 457 1817 
38 296 1406 1412 1607 1648 1662 1720 2461 2493 2539 2825 2852 3122 3186 3244 3271 3292 3360 3712 3974 4072 4128 4187 4201 4368 4377 4413 4638 4709 7000 7034 7080 7092 7416 7434 7858 7889 8577 
4 297 1341 1407 1626 
6 298 524 555 919 1117 1140 
41 299 560 1902 1919 1935 2004 2140 2235 2239 2256 2393 2419 2732 2845 3071 3155 3188 3239 3319 3487 3506 3583 3604 3697 3706 3785 4310 4495 4746 4761 4996 5068 5097 5319 5320 5355 5369 5396 5431 5666 6234 
20 300 415 618 740 1260 1536 1750 2788 3489 3545 3680 3959 4041 4091 4282 4305 4534 4540 4586 4636 
4 301 655 793 873 
12 302 594 644 710 799 913 962 1012 1432 2225 2285 2620 
11 303 922 1523 1553 1599 1612 2045 2250 2295 2358 2430 
31 304 772 863 876 885 981 1270 1374 1433 1670 2000 2350 2357 2378 3093 3144 3174 3179 3512 4017 4023 4204 4224 4287 4364 4711 4851 4852 4950 6687 6825 
10 305 571 687 738 930 1445 1463 1619 1743 1751 
1 306 
18 307 663 1215 1259 1428 1477 1667 2388 4335 4348 4576 4663 4680 4705 4721 4911 4923 4937 
13 308 1229 1522 1605 1818 2209 2217 2462 2467 2596 3711 8663 8788 
45 309 417 1008 1070 1538 2453 2501 2511 2716 4275 4374 4386 4408 4428 5338 5401 5492 5506 5515 5610 5709 5713 5719 5726 5729 5843 5860 5879 5902 5906 5924 5927 6110 6149 6177 6209 6233 6247 6460 6468 6592 6598 6658 6666 7641 
1 310 
1 311 
28 312 405 541 579 782 859 1244 1450 1507 1527 2362 2397 2438 2465 2578 2626 2671 2912 5469 5511 5521 5544 6313 6341 6355 6384 6396 6403 
25 313 671 857 1997 2061 2522 2538 2551 2552 2686 4112 4171 4176 4194 4354 4366 4458 4753 4815 4821 4835 4901 4905 4921 4949 
25 314 650 1729 1755 2031 2167 2376 2884 2966 3060 3208 3436 3499 5043 5050 5054 5132 5174 5210 5212 5214 5310 5510 5564 5573 
39 315 487 606 1692 1856 2268 2644 2931 2971 3175 3177 3385 3877 3908 4484 4485 4522 4545 4564 4571 4581 4703 4740 4755 5302 5313 5333 5349 5413 5428 5458 5598 5699 5771 5812 5850 5951 5956 5979 
15 316 928 987 1266 1377 2560 2722 2731 2904 3026 3166 3190 3209 3262 3491 
8 317 414 591 691 736 737 1690 1855 
16 318 1289 1310 1375 1409 3246 3391 3402 3500 3568 3586 3645 4221 4359 4426 4604 
5 319 544 680 1064 1135 
14 320 581 647 915 1195 1798 1810 1825 1857 1873 1895 1969 2169 2171 
19 321 2840 3595 3650 5352 5383 5407 5410 5427 5449 5450 5767 5773 5880 5999 6027 6038 6081 6090 
4 322 547 937 1206 
39 323 1442 2507 2965 2973 3021 3310 3412 3456 3469 3573 3678 3941 3948 4028 4039 4045 4078 4475 4515 4561 4570 4743 4754 4763 4998 5125 5145 5183 5213 5224 5788 5789 5845 5963 6045 6084 6295 7845 
3 324 726 1015 
4 325 1292 1303 1344 
14 326 856 905 2258 2270 2789 2848 2853 2893 3111 3181 3183 3200 3291 
6 327 787 833 847 1007 1022 
2 328 1427 
37 329 1346 1368 1441 2059 2084 2254 2422 2641 2795 3631 3637 3728 3757 3771 3818 3852 3853 3856 3954 4055 4141 4373 4510 4762 4794 4847 4864 4894 5064 5069 5126 5162 5171 7003 7105 7746 
8 330 556 969 1065 1171 1249 1517 1789 
25 331 731 797 1072 2901 3383 3424 3702 7028 7140 7142 7182 7313 7360 7364 7411 7421 7429 7440 7761 7794 7968 7973 7994 8047 
19 332 4898 4906 4987 5003 5559 5588 5609 5687 5693 5896 5944 6025 6026 6028 6032 6042 6098 6499 
9 333 461 1620 1809 2068 2221 4035 4044 4048 
3 334 679 1529 
41 335 774 911 936 1032 1889 2148 2607 3640 3733 4002 4062 4071 4075 4094 4101 4123 4226 4228 4572 4589 4734 4859 4878 5041 5508 5519 5567 5569 5579 5752 5792 5824 5831 5871 5937 6003 6223 6251 6526 6797 
14 336 482 1746 1783 2016 2977 3054 3073 3079 3581 3978 3985 3989 4027 
13 337 2377 2856 2929 2935 3465 5625 5655 5675 5686 5839 5881 5909 
3 338 575 820 
11 339 438 458 539 770 843 1121 1125 1189 1340 1956 
6 340 665 692 734 984 1118 
13 341 525 659 927 993 1049 1066 1275 1287 1291 1656 1734 1803 
3 342 1108 1546 
39 343 553 578 1436 1793 2306 2329 2983 3077 3100 3167 3644 3765 3808 3822 3854 3867 3904 3928 4088 4103 4236 4277 4284 4435 4660 4738 4757 4779 4842 4843 4879 4882 4897 4960 5018 5038 5048 9222 
15 344 552 1669 1931 1938 2440 2444 2472 2724 2896 3036 3172 3486 3582 4065 
6 345 701 924 2090 2232 2265 
2 346 492 
34 347 1202 1330 1637 2057 2677 2946 2968 3025 4255 4345 4405 4632 4694 4759 4769 4784 4800 4814 4819 5653 5660 5683 5733 5750 5806 5811 5864 5931 5946 5959 5972 6092 8267 
4 348 661 1101 1560 
4 349 1150 1984 2015 
8 350 634 7280 7295 7304 7344 7345 7948 
24 351 576 584 852 1329 1630 1881 1886 1901 1936 1959 8991 9184 9191 9390 9408 9435 9476 9640 9678 9752 9858 9938 9977 
18 352 521 2283 2292 2542 2662 2721 2726 2960 3043 3165 4115 4122 4175 4212 4237 4351 4419 
31 353 933 1582 1745 1799 1891 3536 3617 3714 3996 4109 4173 4181 4361 4427 4562 4578 4610 4631 4645 5000 5100 5105 5113 5331 5345 5373 5375 5381 5758 5768 
33 354 1590 1826 2062 2238 2826 2888 3180 3228 3423 3460 3470 3607 3633 3703 3725 3787 3873 4086 5173 5282 5424 5456 5472 6226 6259 6325 6397 6401 6473 6481 6484 6684 
17 355 842 1981 2510 3090 3138 3649 3831 3858 3893 4022 9011 9058 9166 9703 9916 9929 
38 356 406 832 2025 2340 2634 3008 3173 3176 3422 3444 3836 3860 3895 4145 4547 4556 4558 4616 4633 4696 4781 5390 5402 5467 5507 5523 5532 5626 5736 6855 6894 7112 7141 7192 7204 8629 9604 
26 357 421 582 615 1074 1299 1992 2318 2339 2413 2549 2593 7904 7908 7923 7951 8007 8187 8218 8364 8460 8640 8884 8915 8997 9048 
13 358 866 983 1363 1664 1684 1771 1869 1910 1921 2276 2810 2887 
12 359 925 931 950 6378 6394 6441 6491 6519 6702 6811 6879 
12 360 884 1272 1280 1302 1313 1495 1501 1575 2633 4406 4411 
18 361 474 790 802 875 1046 3221 3233 3254 3353 3467 3498 3505 4877 5017 5234 5299 5371 
36 362 979 1616 1728 1941 1964 2162 2204 2879 2906 3231 3448 3454 3592 3596 3896 4127 4215 4216 4227 4256 4369 4462 5322 5343 5516 5555 5595 5600 5629 5641 5807 6353 6382 6456 8530 
20 363 568 892 1001 1080 1153 1401 1434 1449 1953 2033 2039 2223 2263 2304 2918 3196 3302 3479 3578 
1 364 
19 365 549 5858 5869 5989 6009 6521 6654 6831 7580 7587 7594 7650 8038 8052 8058 8060 8193 8306 
27 366 522 683 880 1021 2714 2799 2855 3028 3788 4092 4242 4292 4628 4661 4685 4790 4792 4795 4822 4869 4968 4971 5024 5025 5037 5059 
13 367 411 432 643 1413 2494 2498 2999 3123 3561 3628 3634 3708 
1 368 
11 369 456 497 583 625 667 675 791 865 904 1067 
22 370 1588 1736 1879 1962 2042 2534 3295 3483 3485 3623 3656 4618 4682 4871 4892 5016 5072 5088 5109 5110 5147 
24 371 871 1561 1894 3676 3686 3721 3769 3862 3871 3894 3939 3967 4025 4981 5078 5080 5325 5365 5461 5466 5493 6015 6129 
35 372 1217 1257 1611 1628 1688 1786 1867 1915 1982 2097 2098 2697 2796 3153 3266 3698 3731 3762 4079 4339 5140 5164 5255 5452 5453 5460 5497 5512 5533 5536 5587 5601 5632 6893 
4 373 721 1524 1785 
28 374 507 932 952 1041 1044 1380 1382 1390 1416 1420 1606 1653 1738 1788 2218 2260 2320 2349 2414 2523 2741 2897 3148 3276 3281 3688 3709 
9 375 446 1498 1820 1843 1872 2005 2103 2176 
8 376 550 569 2112 2356 2485 2750 2751 
4 377 589 958 1000 
10 378 528 529 1654 2290 2372 2441 2530 3692 3693 
9 379 694 1328 1336 1392 1506 1520 2536 2812 
39 380 460 840 1035 1179 1784 1974 2215 2229 2300 2351 2424 2622 2637 2908 2967 3579 3602 3609 3626 4195 5732 5967 6033 6036 6040 6083 6477 6659 6913 7813 7940 8320 8470 8471 8786 8823 8863 9018 
3 381 669 1159 
35 382 2110 2311 2389 2688 2743 3219 3418 3968 4492 4625 4669 4812 4848 4860 4907 4976 5052 5057 5111 5432 5442 5447 5479 5580 5765 5838 6078 6256 6622 6651 6770 6774 6775 6806 
12 383 2083 2524 2961 2986 2990 3024 3033 3037 3053 3080 3086 
1 384 
5 385 848 1063 1098 1146 
21 386 603 1100 1862 2160 2210 2720 2755 2764 3998 4157 4196 4225 4233 4500 4532 4565 4593 4622 4665 4679 
16 387 536 546 627 662 1865 2373 3232 3320 3407 3770 4499 4506 4774 4810 5441 
17 388 1480 2050 3198 3305 3335 3880 3907 4150 4326 4404 4512 4591 4592 4599 4640 4646 
18 389 1949 2040 2138 2286 2432 2577 2827 2833 2857 2902 2954 3003 3205 3214 3236 3251 3367 
28 390 2252 2328 2431 5648 5715 5720 5723 5754 7854 8180 8205 8229 8234 8238 8334 8394 8560 8775 8782 8886 8998 9021 9193 9196 9873 9923 9924 
21 391 422 939 1161 1267 1286 1356 1415 1494 1906 1985 2113 2158 2259 3403 3425 3440 3459 3466 3527 3608 
38 392 749 874 898 1009 1322 2035 2313 2334 2630 2648 2863 3975 4031 4125 4873 4917 4946 4978 4983 5127 5166 5263 5305 5311 5323 5324 5406 5415 5430 5486 5612 5613 5817 5872 5962 6124 6868 
6 393 518 519 698 722 1874 
3 394 686 872 
3 395 653 1269 
21 396 1686 2881 3002 3010 3044 3057 3220 3242 3344 3361 3372 3394 3411 3522 3550 3736 4069 4089 4264 4329 
36 397 763 795 825 992 1760 1770 1883 1911 2012 2106 2937 3101 3132 3492 3552 3662 3812 4000 4965 5036 5042 5058 5087 5301 5509 5604 5654 5682 5727 5735 5744 5760 6004 6166 6291 
20 398 558 1047 1293 1456 1492 1624 1753 2095 2251 5815 5862 5988 6077 6151 6168 6196 6210 6219 6222 
4 399 554 751 940 
3 400 624 1399 
17 401 786 1136 1211 1383 2081 2948 2974 3063 3199 3203 3513 3570 3576 3603 3624 3868 
